>PMOTIF	6
<<<<<<< HEAD
0.409090909091	0.409090909091	0.0454545454545	0.136363636364	
0.136363636364	0.5	0.136363636364	0.227272727273	
0.318181818182	0.318181818182	0.136363636364	0.227272727273	
0.136363636364	0.318181818182	0.227272727273	0.318181818182	
0.136363636364	0.136363636364	0.318181818182	0.409090909091	
0.318181818182	0.136363636364	0.318181818182	0.227272727273	
=======
0.409090909091	0.136363636364	0.136363636364	0.318181818182	
0.318181818182	0.227272727273	0.0454545454545	0.409090909091	
0.409090909091	0.318181818182	0.227272727273	0.0454545454545	
0.227272727273	0.136363636364	0.318181818182	0.318181818182	
0.136363636364	0.590909090909	0.0454545454545	0.227272727273	
0.5	0.0454545454545	0.318181818182	0.136363636364	
>>>>>>> a13a4bc879e631aee27f64a83940d3b0090cb37b
>