>PMOTIF	7
<<<<<<< HEAD
7.01	1.01	0.01	1.01	
0.01	6.01	3.01	0.01	
1.01	6.01	0.01	2.01	
4.01	4.01	0.01	1.01	
6.01	1.01	2.01	0.01	
4.01	4.01	1.01	0.01	
3.01	2.01	2.01	2.01	
=======
0.0454545454545	0.590909090909	0.227272727273	0.136363636364	
0.681818181818	0.0454545454545	0.136363636364	0.136363636364	
0.681818181818	0.0454545454545	0.0454545454545	0.227272727273	
0.0454545454545	0.0454545454545	0.227272727273	0.681818181818	
0.227272727273	0.227272727273	0.318181818182	0.227272727273	
0.0454545454545	0.772727272727	0.136363636364	0.0454545454545	
0.136363636364	0.318181818182	0.409090909091	0.136363636364	
>>>>>>> 65a680ba30b4e4a230410d33d220fc4882386d5e
>